d_kl,source_train_path,target_train_path,seed_index,seed,validate_acc,test_acc
0,findings_final_0814_seed1591536269_size10000,findings_final_0814_seed-53154026_size50,0,14942,73.09847878302642,71.82,0.8711029650046305,0.971495348375866,0.7737710193214017,0.8266712919156141,0.9124742004056399
0,findings_final_0814_seed1591536269_size10000,findings_final_0814_seed-53154026_size50,1,43277,73.89911929543635,72.32,0.8774279386599303,0.9719535565172281,0.7728428028338328,0.8479181266517811,0.9169972686368791
0,findings_final_0814_seed1591536269_size10000,findings_final_0814_seed-53154026_size50,2,79280,73.41873498799039,71.76,0.8689842290127597,0.9707727623273013,0.7609398105489686,0.833045020243919,0.9111793229308502
0,findings_final_0814_seed1591536269_size10000,findings_final_0814_seed-53154026_size50,3,8463,73.41873498799039,71.68,0.8707811518910692,0.970916420302535,0.7676729091534098,0.8306974487291074,0.9138378293792244
0,findings_final_0814_seed1591536269_size10000,findings_final_0814_seed-53154026_size50,4,12650,73.73899119295436,72.73,0.8789101457120547,0.9718570056954684,0.7808273278129328,0.8453339781626085,0.9176222711772094
1,findings_final_0814-portion1ita06round14_seed2016863826_size10000,findings_final_0814_seed-53154026_size50,0,14942,87.26981585268214,61.55,0.805413827254931,0.9509708244168913,0.705348360864144,0.7154933600219217,0.8498427637167674
1,findings_final_0814-portion1ita06round14_seed2016863826_size10000,findings_final_0814_seed-53154026_size50,1,43277,87.9103282626101,64.93,0.8158874973332314,0.950078225510963,0.7090005308859693,0.7376784100803371,0.8667928228556564
1,findings_final_0814-portion1ita06round14_seed2016863826_size10000,findings_final_0814_seed-53154026_size50,2,79280,88.15052041633307,64.32,0.815530610433209,0.952432427489152,0.7075245458484106,0.7326693073423974,0.8694961610528755
1,findings_final_0814-portion1ita06round14_seed2016863826_size10000,findings_final_0814_seed-53154026_size50,3,8463,87.42994395516413,61.45,0.8079111904170247,0.9474661526937052,0.6993064310427943,0.7248331178131591,0.8600390601184404
1,findings_final_0814-portion1ita06round14_seed2016863826_size10000,findings_final_0814_seed-53154026_size50,4,12650,88.07045636509207,63.96,0.8140215922134371,0.9472829749571838,0.7061501003801632,0.7331213239678485,0.8695319695485528
5,findings_final_0814-portion1ita13round20_seed1708886178_size10000,findings_final_0814_seed-53154026_size50,0,14942,97.19775820656525,46.93,0.6822674006808545,0.8382678516263852,0.5719841100337448,0.5901591386794416,0.7286585023838461
5,findings_final_0814-portion1ita13round20_seed1708886178_size10000,findings_final_0814_seed-53154026_size50,1,43277,97.51801441152922,45.54,0.6711103590287479,0.7870276798116479,0.5767887704396184,0.5978578752150673,0.7227671106486581
5,findings_final_0814-portion1ita13round20_seed1708886178_size10000,findings_final_0814_seed-53154026_size50,2,79280,97.27782225780625,47.73,0.686796356535214,0.8282051104251975,0.579420378291849,0.5975315954669017,0.7420283419569078
5,findings_final_0814-portion1ita13round20_seed1708886178_size10000,findings_final_0814_seed-53154026_size50,3,8463,97.35788630904723,45.17,0.6665440386235564,0.7891727511522285,0.5821346090868964,0.5776821592375618,0.7171866350175384
5,findings_final_0814-portion1ita13round20_seed1708886178_size10000,findings_final_0814_seed-53154026_size50,4,12650,97.35788630904723,44.96,0.6691622108556368,0.795921962616165,0.5747087551435934,0.5828078594768202,0.7232102661859684
10,findings_final_0814-portion1ita16round14_seed1948253030_size10000,findings_final_0814_seed-53154026_size50,0,14942,100.0,37.5,0.6153512416362971,0.8296835967012631,0.4866994961668406,0.5225021099074781,0.6225197637696063
10,findings_final_0814-portion1ita16round14_seed1948253030_size10000,findings_final_0814_seed-53154026_size50,1,43277,100.0,44.9,0.634091680703302,0.8466713155774287,0.4961960494761315,0.540766246891505,0.6527331108681427
