d_kl,source_train_path,target_train_path,seed_index,seed,validate_acc,test_acc
0,findings_final_0814_seed1591536269_size10000,findings_final_0814_seed-53154026_size50,0,14942,80.0,68.2,0.8391972598351096,0.9612314910341144,0.7195220805848289,0.78258793468704,0.8934475330344551
0,findings_final_0814_seed1591536269_size10000,findings_final_0814_seed-53154026_size50,1,43277,80.0,68.54,0.8379145684582406,0.9614915727689198,0.7104198067249624,0.785579208153193,0.8941676861858872
0,findings_final_0814_seed1591536269_size10000,findings_final_0814_seed-53154026_size50,2,79280,80.0,68.28,0.8396202078471637,0.9591024486876224,0.7249175906319983,0.7771436043975617,0.8973171876714725
0,findings_final_0814_seed1591536269_size10000,findings_final_0814_seed-53154026_size50,3,8463,80.0,68.26,0.841323851414367,0.9609541241144609,0.7321554173760402,0.7734622073920079,0.8987236567749592
0,findings_final_0814_seed1591536269_size10000,findings_final_0814_seed-53154026_size50,4,12650,80.0,68.27,0.8388366314379666,0.9596389928847345,0.7170118239085819,0.7788640617271037,0.8998316472314465
1,findings_final_0814-portion1ita06round14_seed2016863826_size10000,findings_final_0814_seed-53154026_size50,0,14942,80.0,63.69,0.8069089263311582,0.946364875378842,0.6880434309471941,0.7275184436230547,0.8657089553755422
1,findings_final_0814-portion1ita06round14_seed2016863826_size10000,findings_final_0814_seed-53154026_size50,1,43277,80.0,63.89,0.7997572679859575,0.9474969042434929,0.6572173032213184,0.7257293000582746,0.8685855644207436
1,findings_final_0814-portion1ita06round14_seed2016863826_size10000,findings_final_0814_seed-53154026_size50,2,79280,60.0,65.28,0.8112996322435488,0.9483428733484358,0.6904890863269403,0.7336859924609409,0.8726805768378781
1,findings_final_0814-portion1ita06round14_seed2016863826_size10000,findings_final_0814_seed-53154026_size50,3,8463,80.0,65.33,0.8102103703455487,0.9477132956636898,0.6921129058175746,0.7266995635887582,0.874315716312172
1,findings_final_0814-portion1ita06round14_seed2016863826_size10000,findings_final_0814_seed-53154026_size50,4,12650,60.0,63.15,0.8089984719614766,0.9458055187575409,0.6899635702386546,0.7333324153695798,0.8668923834801306
5,findings_final_0814-portion1ita13round20_seed1708886178_size10000,findings_final_0814_seed-53154026_size50,0,14942,80.0,55.25,0.7470511053780771,0.9199970796077228,0.6252376680884647,0.643159466972268,0.799810206843853
5,findings_final_0814-portion1ita13round20_seed1708886178_size10000,findings_final_0814_seed-53154026_size50,1,43277,80.0,52.87,0.7453777122158871,0.9025731108046675,0.6102515097705393,0.6548726844666279,0.8138135438217134
5,findings_final_0814-portion1ita13round20_seed1708886178_size10000,findings_final_0814_seed-53154026_size50,2,79280,60.0,53.17,0.7448254995805139,0.9099660446612998,0.622879842808936,0.6350579537090205,0.8113981571427991
5,findings_final_0814-portion1ita13round20_seed1708886178_size10000,findings_final_0814_seed-53154026_size50,3,8463,80.0,51.95,0.7454952374689009,0.9049152533515672,0.6288666093065735,0.6231268808694823,0.8250722063479806
5,findings_final_0814-portion1ita13round20_seed1708886178_size10000,findings_final_0814_seed-53154026_size50,4,12650,60.0,50.12,0.7372445080858077,0.9059304564756031,0.6255107184046571,0.6275767101644597,0.789960147298511
10,findings_final_0814-portion1ita16round14_seed1948253030_size10000,findings_final_0814_seed-53154026_size50,0,14942,60.0,45.52,0.7083408644560186,0.9123938845417989,0.555305015346876,0.6218934274681005,0.7437711304672989
10,findings_final_0814-portion1ita16round14_seed1948253030_size10000,findings_final_0814_seed-53154026_size50,1,43277,60.0,46.39,0.7018967193807704,0.9045480436688087,0.5455925277291302,0.6120098164144964,0.7454364897106462
10,findings_final_0814-portion1ita16round14_seed1948253030_size10000,findings_final_0814_seed-53154026_size50,2,79280,60.0,49.58,0.6947482742887556,0.8922702361779322,0.520616478619127,0.6147233655836547,0.751383016774309
10,findings_final_0814-portion1ita16round14_seed1948253030_size10000,findings_final_0814_seed-53154026_size50,3,8463,60.0,47.97,0.715164245679781,0.909284083821891,0.5720632750986004,0.6274037867293201,0.7519058370693124
10,findings_final_0814-portion1ita16round14_seed1948253030_size10000,findings_final_0814_seed-53154026_size50,4,12650,60.0,49.51,0.704483172081598,0.8995384051683506,0.5556402261045378,0.6102138283831332,0.7525402286703708
15,findings_final_0814-portion1ita21round14_seed1879396416_size10000,findings_final_0814_seed-53154026_size50,0,14942,80.0,44.01,0.7057239852540482,0.9050573034026287,0.6070587086656456,0.5733289979676766,0.7374509309802423
15,findings_final_0814-portion1ita21round14_seed1879396416_size10000,findings_final_0814_seed-53154026_size50,1,43277,80.0,48.98,0.7168755394002719,0.9154635122812242,0.6078929929154182,0.5696475607005544,0.7744980917038911
15,findings_final_0814-portion1ita21round14_seed1879396416_size10000,findings_final_0814_seed-53154026_size50,2,79280,80.0,44.93,0.7115108323792322,0.9098359535462666,0.6100887861017714,0.5679891061859403,0.7581294836829504
15,findings_final_0814-portion1ita21round14_seed1879396416_size10000,findings_final_0814_seed-53154026_size50,3,8463,80.0,42.93,0.716880972062998,0.9072422713617248,0.6119479853792783,0.598117683114242,0.7502159483967469
15,findings_final_0814-portion1ita21round14_seed1879396416_size10000,findings_final_0814_seed-53154026_size50,4,12650,60.0,39.45,0.6925403831733435,0.8730237858212844,0.5746047340383336,0.606247097644207,0.7162859151895492
20,findings_final_0814-portion1ita27round9_seed1940262766_size10000,findings_final_0814_seed-53154026_size50,0,14942,60.0,50.92,0.7094080925893372,0.9009317719585662,0.5256951250022883,0.626166347432693,0.7848391259638013
20,findings_final_0814-portion1ita27round9_seed1940262766_size10000,findings_final_0814_seed-53154026_size50,1,43277,60.0,45.07,0.7168497918235331,0.9002864416416986,0.5498876596471745,0.6307668757771991,0.7864581902280605
20,findings_final_0814-portion1ita27round9_seed1940262766_size10000,findings_final_0814_seed-53154026_size50,2,79280,60.0,52.23,0.7259955294803704,0.9043586603499366,0.5538358647034056,0.6367238163521715,0.8090637765159674
20,findings_final_0814-portion1ita27round9_seed1940262766_size10000,findings_final_0814_seed-53154026_size50,3,8463,60.0,44.02,0.7158397856971846,0.9073041261947128,0.5737693514037968,0.585173065558475,0.7971125996317537
20,findings_final_0814-portion1ita27round9_seed1940262766_size10000,findings_final_0814_seed-53154026_size50,4,12650,60.0,47.18,0.7012455449250652,0.8822058368049422,0.5507118957104007,0.5771069824751862,0.7949574647097317
25,findings_final_0814-portion1ita28round3_seed-279490714_size10000,findings_final_0814_seed-53154026_size50,0,14942,60.0,39.39,0.6997263715631044,0.8894507160186831,0.60954553313359,0.5192554170530771,0.7806538200470672
25,findings_final_0814-portion1ita28round3_seed-279490714_size10000,findings_final_0814_seed-53154026_size50,1,43277,60.0,38.58,0.7061393605218496,0.870655589878037,0.5835867957878977,0.5791175244031403,0.7911975320183229
25,findings_final_0814-portion1ita28round3_seed-279490714_size10000,findings_final_0814_seed-53154026_size50,2,79280,60.0,49.63,0.710786043321135,0.8812249276886353,0.5868590060431502,0.5882665631461227,0.7867936764066317
25,findings_final_0814-portion1ita28round3_seed-279490714_size10000,findings_final_0814_seed-53154026_size50,3,8463,60.0,48.84,0.7210093324294239,0.8991599902640192,0.6107098209836239,0.5836316916839972,0.7905358267860554
25,findings_final_0814-portion1ita28round3_seed-279490714_size10000,findings_final_0814_seed-53154026_size50,4,12650,60.0,41.09,0.700257503710922,0.8697398016906922,0.5855535147295431,0.5898978813638139,0.7558388170596387
30,findings_final_0814-portion1ita29round18_seed-1653352491_size10000,findings_final_0814_seed-53154026_size50,0,14942,80.0,31.68,0.7010846873258874,0.8884794544474076,0.5336359993572415,0.5964638586799633,0.7857594368189373
30,findings_final_0814-portion1ita29round18_seed-1653352491_size10000,findings_final_0814_seed-53154026_size50,1,43277,80.0,33.12,0.6961465416766145,0.8655519631849683,0.5210502999200619,0.5777531806437519,0.820230722957676
30,findings_final_0814-portion1ita29round18_seed-1653352491_size10000,findings_final_0814_seed-53154026_size50,2,79280,60.0,49.55,0.7117317922858162,0.8613201580026688,0.5267590530296096,0.6314100945897229,0.8274378635212637
30,findings_final_0814-portion1ita29round18_seed-1653352491_size10000,findings_final_0814_seed-53154026_size50,3,8463,80.0,39.15,0.7282443269998035,0.89206869293251,0.5614355075249526,0.6224963444509212,0.83697676309083
30,findings_final_0814-portion1ita29round18_seed-1653352491_size10000,findings_final_0814_seed-53154026_size50,4,12650,80.0,36.0,0.6950361522537313,0.8462538582642981,0.5463528133905307,0.5698214504133292,0.8177164869467669
20,findings_final_0814-portion1ita27round9_seed273823007_size10000,findings_final_0814_seed-53154026_size50,0,14942,60.0,51.66,0.710825324069861,0.9015277591024086,0.5254968055309774,0.6302698869801416,0.7860068446659161
20,findings_final_0814-portion1ita27round9_seed273823007_size10000,findings_final_0814_seed-53154026_size50,1,43277,60.0,47.16,0.7133439026587215,0.8999432503262579,0.5384806084237975,0.6290485120492003,0.7859032398356304
20,findings_final_0814-portion1ita27round9_seed273823007_size10000,findings_final_0814_seed-53154026_size50,2,79280,60.0,52.33,0.7207267143968435,0.9011521078177473,0.5413635836633572,0.6335650547625771,0.8068261113436925
20,findings_final_0814-portion1ita27round9_seed273823007_size10000,findings_final_0814_seed-53154026_size50,3,8463,80.0,44.28,0.7122079897592006,0.9059190502635085,0.5690268107584754,0.5801167762626813,0.7937693217521369
20,findings_final_0814-portion1ita27round9_seed273823007_size10000,findings_final_0814_seed-53154026_size50,4,12650,60.0,46.89,0.7043034454279979,0.8812873101217419,0.5520275165723887,0.5871329986952837,0.7967659563225772
15,findings_final_0814-portion1ita21round14_seed-358819036_size10000,findings_final_0814_seed-53154026_size50,0,14942,80.0,48.5,0.7290065700595048,0.908856275496904,0.6001433595521846,0.638952012317463,0.7680746328714674
15,findings_final_0814-portion1ita21round14_seed-358819036_size10000,findings_final_0814_seed-53154026_size50,1,43277,80.0,47.04,0.7113477749377118,0.9144168038929453,0.6088155547554974,0.573463109251134,0.7486956318512709
15,findings_final_0814-portion1ita21round14_seed-358819036_size10000,findings_final_0814_seed-53154026_size50,2,79280,80.0,46.17,0.7079596764654713,0.907368443161589,0.6086948951551061,0.5527015069341291,0.7630738606110611
15,findings_final_0814-portion1ita21round14_seed-358819036_size10000,findings_final_0814_seed-53154026_size50,3,8463,80.0,45.09,0.7184508364030917,0.9074694911462671,0.612910902689212,0.6034931258606413,0.7499298259162464
15,findings_final_0814-portion1ita21round14_seed-358819036_size10000,findings_final_0814_seed-53154026_size50,4,12650,60.0,41.06,0.6953573602963853,0.8750251991866316,0.5767614328632653,0.6080680075862457,0.7215748015493982
15,findings_final_0814-portion1ita21round14_seed174506763_size10000,findings_final_0814_seed-53154026_size50,0,14942,80.0,48.38,0.7066729157596149,0.9024019673756205,0.6037113200754224,0.5886215896539365,0.73195678593348
15,findings_final_0814-portion1ita21round14_seed174506763_size10000,findings_final_0814_seed-53154026_size50,1,43277,80.0,55.8,0.7238946460944653,0.9230945445343743,0.5956412838083847,0.6018180030568193,0.7750247529782832
15,findings_final_0814-portion1ita21round14_seed174506763_size10000,findings_final_0814_seed-53154026_size50,2,79280,80.0,47.42,0.7146519091045167,0.9038174179993846,0.6052933195831833,0.5843469787034825,0.7651499201320159
15,findings_final_0814-portion1ita21round14_seed174506763_size10000,findings_final_0814_seed-53154026_size50,3,8463,80.0,44.56,0.7153021469137835,0.9082507413032908,0.6105995756980337,0.5965457104479817,0.7458125602058278
15,findings_final_0814-portion1ita21round14_seed174506763_size10000,findings_final_0814_seed-53154026_size50,4,12650,60.0,39.79,0.6979112766440874,0.879064807182758,0.5794398644511839,0.6069615794323296,0.7261788555100781
15,findings_final_0814-portion1ita21round14_seed-1580326299_size10000,findings_final_0814_seed-53154026_size50,0,14942,80.0,48.67,0.7056150107570844,0.9025075627708472,0.6147264920234892,0.5481337112445165,0.757092276989485
15,findings_final_0814-portion1ita21round14_seed-1580326299_size10000,findings_final_0814_seed-53154026_size50,1,43277,80.0,47.71,0.708154244306103,0.9052010869969382,0.6117259082523274,0.5425056271580704,0.7731843548170758
15,findings_final_0814-portion1ita21round14_seed-1580326299_size10000,findings_final_0814_seed-53154026_size50,2,79280,60.0,47.25,0.7214868944106774,0.8985532501272772,0.5895588357935118,0.6274153820609429,0.7704201096609776
15,findings_final_0814-portion1ita21round14_seed-1580326299_size10000,findings_final_0814_seed-53154026_size50,3,8463,80.0,43.4,0.7138322628957718,0.9058775959684516,0.6130855865476343,0.5885777448062376,0.747788124260764
15,findings_final_0814-portion1ita21round14_seed-1580326299_size10000,findings_final_0814_seed-53154026_size50,4,12650,60.0,38.38,0.6927947495263816,0.8720917425255142,0.5774892958336638,0.5965777183946489,0.7250202413516996
15,findings_final_0814-portion1ita21round14_seed1514764506_size10000,findings_final_0814_seed-53154026_size50,0,14942,80.0,41.64,0.7055098546934828,0.9041875671685199,0.6103253863161598,0.5673852229254844,0.7401412423637672
15,findings_final_0814-portion1ita21round14_seed1514764506_size10000,findings_final_0814_seed-53154026_size50,1,43277,80.0,36.66,0.7013254035491837,0.9150432411007929,0.6161648878935624,0.5266057702396312,0.7474877149627486
15,findings_final_0814-portion1ita21round14_seed1514764506_size10000,findings_final_0814_seed-53154026_size50,2,79280,80.0,48.53,0.7073759340486325,0.9074246200123449,0.6093014476304384,0.561892780062085,0.750884888489662
15,findings_final_0814-portion1ita21round14_seed1514764506_size10000,findings_final_0814_seed-53154026_size50,3,8463,80.0,44.1,0.7160869926233658,0.9065827209654618,0.6097678950269613,0.6022542774091295,0.7457430770919111
15,findings_final_0814-portion1ita21round14_seed1514764506_size10000,findings_final_0814_seed-53154026_size50,4,12650,60.0,41.07,0.6950908884394068,0.8740695897522168,0.5786325516495094,0.6048886723353345,0.7227727400205666
0,findings_final_0814_seed1591536269_size10000,findings_final_0814_seed-1331694080_size100,0,14942,90.90908813476562,72.03,0.8756415546933386,0.9706204617596439,0.7782765529431626,0.8411059498464866,0.9125632542240613
0,findings_final_0814_seed1591536269_size10000,findings_final_0814_seed-1331694080_size100,1,43277,90.90908813476562,73.82,0.8894174118736915,0.9736830799546324,0.8007609772369928,0.8637805000502866,0.9194450902528544
0,findings_final_0814_seed1591536269_size10000,findings_final_0814_seed-1331694080_size100,2,79280,90.90908813476562,73.02,0.8867705024994428,0.9730711894357774,0.7933751126352895,0.8641414450086164,0.9164942629180877
0,findings_final_0814_seed1591536269_size10000,findings_final_0814_seed-1331694080_size100,3,8463,90.90908813476562,73.64,0.8874198564127139,0.9738133469363719,0.7914172214526749,0.8662426962495786,0.9182061610122302
0,findings_final_0814_seed1591536269_size10000,findings_final_0814_seed-1331694080_size100,4,12650,90.90908813476562,73.65,0.8873538288007001,0.9735882375523053,0.7955281908585912,0.8625692307729471,0.917729656018957
1,findings_final_0814-portion1ita06round14_seed2016863826_size10000,findings_final_0814_seed-1331694080_size100,0,14942,90.90908813476562,64.94,0.821268007121084,0.9577649070147501,0.7031415838301491,0.7556970722834454,0.8684684653559918
1,findings_final_0814-portion1ita06round14_seed2016863826_size10000,findings_final_0814_seed-1331694080_size100,1,43277,90.90908813476562,66.95,0.8303716081216439,0.9562522021024011,0.7161868962697634,0.771251243377878,0.8777960907365332
1,findings_final_0814-portion1ita06round14_seed2016863826_size10000,findings_final_0814_seed-1331694080_size100,2,79280,90.90908813476562,65.61,0.8264062640854413,0.9566796335701604,0.7104984022569772,0.7607432961872054,0.8777037243274222
1,findings_final_0814-portion1ita06round14_seed2016863826_size10000,findings_final_0814_seed-1331694080_size100,3,8463,90.90908813476562,65.92,0.8226862197914044,0.9556443062701607,0.7139277222144251,0.7524937411379256,0.8686791095431063
1,findings_final_0814-portion1ita06round14_seed2016863826_size10000,findings_final_0814_seed-1331694080_size100,4,12650,90.90908813476562,66.21,0.8255086323614091,0.9566272504154978,0.7165395998218176,0.7540135348118832,0.8748541443964378
5,findings_final_0814-portion1ita13round20_seed1708886178_size10000,findings_final_0814_seed-1331694080_size100,0,14942,81.81818389892578,59.73,0.8002229435049866,0.9412534351792504,0.6924419330758231,0.7051164239739601,0.8620799817909125
5,findings_final_0814-portion1ita13round20_seed1708886178_size10000,findings_final_0814_seed-1331694080_size100,1,43277,81.81818389892578,56.24,0.8001332636587518,0.9463001564309228,0.6909790879745176,0.7044684945579646,0.8587853156716023
5,findings_final_0814-portion1ita13round20_seed1708886178_size10000,findings_final_0814_seed-1331694080_size100,2,79280,81.81818389892578,60.62,0.7963517492890883,0.9415870291972901,0.6843470814492983,0.6889404129596834,0.8705324735500811
5,findings_final_0814-portion1ita13round20_seed1708886178_size10000,findings_final_0814_seed-1331694080_size100,3,8463,81.81818389892578,58.96,0.7967194183777202,0.9375429994096909,0.6956524710606126,0.6835168173777947,0.8701653856627825
5,findings_final_0814-portion1ita13round20_seed1708886178_size10000,findings_final_0814_seed-1331694080_size100,4,12650,81.81818389892578,59.2,0.7974690156310391,0.9472027043676648,0.6880510789596262,0.6977661513105422,0.8568561278863234
10,findings_final_0814-portion1ita16round14_seed1948253030_size10000,findings_final_0814_seed-1331694080_size100,0,14942,72.7272720336914,54.32,0.737747577913711,0.9323073470678196,0.5628090173321048,0.6596207311967808,0.7962532160581389
10,findings_final_0814-portion1ita16round14_seed1948253030_size10000,findings_final_0814_seed-1331694080_size100,1,43277,63.6363639831543,56.47,0.7490546785000237,0.9334633942997882,0.577179063159158,0.6930374301330943,0.7925388264080543
10,findings_final_0814-portion1ita16round14_seed1948253030_size10000,findings_final_0814_seed-1331694080_size100,2,79280,81.81818389892578,53.01,0.7248083450370619,0.9178970803915858,0.5412972737683344,0.678812615495341,0.7612264104929867
10,findings_final_0814-portion1ita16round14_seed1948253030_size10000,findings_final_0814_seed-1331694080_size100,3,8463,81.81818389892578,54.28,0.7329799106011587,0.9167459071797633,0.5615382268408623,0.6709714335316537,0.782664074852356
10,findings_final_0814-portion1ita16round14_seed1948253030_size10000,findings_final_0814_seed-1331694080_size100,4,12650,63.6363639831543,57.19,0.757358307436558,0.937029870608332,0.5857421521425622,0.6842813442951089,0.8223798627002289
15,findings_final_0814-portion1ita21round14_seed1879396416_size10000,findings_final_0814_seed-1331694080_size100,0,14942,81.81818389892578,54.04,0.7850170726858395,0.9408569813756154,0.660694057128212,0.7066414113902069,0.831875840849324
15,findings_final_0814-portion1ita21round14_seed1879396416_size10000,findings_final_0814_seed-1331694080_size100,1,43277,72.7272720336914,54.58,0.7831330668448977,0.939162279546059,0.6644759179140451,0.6881031736503174,0.8407908962691694
15,findings_final_0814-portion1ita21round14_seed1879396416_size10000,findings_final_0814_seed-1331694080_size100,2,79280,72.7272720336914,61.19,0.7774035869796787,0.9372507089438169,0.637572000138315,0.6905789379980707,0.8442127008385123
15,findings_final_0814-portion1ita21round14_seed1879396416_size10000,findings_final_0814_seed-1331694080_size100,3,8463,72.7272720336914,58.24,0.7790924631774178,0.9396175482010443,0.6573176223631139,0.6834152374413902,0.8360194447041226
15,findings_final_0814-portion1ita21round14_seed1879396416_size10000,findings_final_0814_seed-1331694080_size100,4,12650,72.7272720336914,54.64,0.7752463597469763,0.9393679933448018,0.6446221658113503,0.6805060975742325,0.8364891822575203
20,findings_final_0814-portion1ita27round9_seed1940262766_size10000,findings_final_0814_seed-1331694080_size100,0,14942,72.7272720336914,57.41,0.743610929179576,0.9382883225109986,0.5376854592163635,0.6509021691402971,0.8475677658506447
20,findings_final_0814-portion1ita27round9_seed1940262766_size10000,findings_final_0814_seed-1331694080_size100,1,43277,72.7272720336914,50.91,0.7547678090398025,0.9384481853470272,0.5773784810152329,0.6608013614207696,0.8424432083761803
20,findings_final_0814-portion1ita27round9_seed1940262766_size10000,findings_final_0814_seed-1331694080_size100,2,79280,63.6363639831543,55.81,0.7632049449741158,0.9469351357359337,0.5761159080692634,0.6657773691497022,0.8639913669415643
